0 0 0 0 0 0 0 0 0 0
0 -0.00194 0 -1.94 1.94 0.194 0.194 -1.94 0 0
0 -0.00424001 0 -4.24 4.24 0.423998 0.423998 -4.24 0 0
0 -0.00645003 0 -6.45005 6.45005 0.644995 0.644995 -6.45005 0 0
0 -0.00885 0 -8.85011 8.85011 0.884992 0.884992 -8.85011 0 0
0 -0.0112399 0 -11.2402 11.2402 1.124 1.124 -11.2402 0 0
0 -0.0137498 0 -13.7502 13.7502 1.37501 1.37501 -13.7502 0 0
0 -0.0161598 0 -16.1603 16.1603 1.61602 1.61602 -16.1603 0 0
0 -0.0184599 0 -18.4603 18.4603 1.84603 1.84603 -18.4603 0 0
0 -0.02121 0 -21.2104 21.2104 2.12103 2.12103 -21.2104 0 0
0 -0.0239702 0 -23.9705 23.9705 2.39701 2.39701 -23.9705 0 0
0 -0.0265103 0 -26.5105 26.5105 2.65099 2.65099 -26.5105 0 0
0 -0.0291605 0 -29.1606 29.1606 2.91597 2.91597 -29.1606 0 0
0 -0.0320605 0 -32.0606 32.0606 3.20595 3.20595 -32.0606 0 0
0 -0.0348301 0 -34.8302 34.8302 3.48293 3.48293 -34.8302 0 0
0 -0.0374898 0 -37.4897 37.4897 3.74891 3.74891 -37.4897 0 0
0 -0.0368098 0 -36.8098 36.8098 3.68092 3.68092 -36.8098 0 0
0 -0.0343402 0 -34.3402 34.3402 3.43393 3.43393 -34.3402 0 0
0 -0.0319405 0 -31.9406 31.9406 3.19395 3.19395 -31.9406 0 0
0 -0.0296605 0 -29.6606 29.6606 2.96597 2.96597 -29.6606 0 0
0 -0.0267603 0 -26.7605 26.7605 2.67599 2.67599 -26.7605 0 0
0 -0.0239102 0 -23.9105 23.9105 2.39101 2.39101 -23.9105 0 0
0 -0.0216301 0 -21.6304 21.6304 2.16303 2.16303 -21.6304 0 0
0 -0.0189899 0 -18.9903 18.9903 1.89903 1.89903 -18.9903 0 0
0 -0.0167298 0 -16.7303 16.7303 1.67302 1.67302 -16.7303 0 0
0 -0.0140998 0 -14.1002 14.1002 1.41001 1.41001 -14.1002 0 0
0 -0.0119699 0 -11.9702 11.9702 1.197 1.197 -11.9702 0 0
0 -0.00959997 0 -9.60012 9.60012 0.959991 0.959991 -9.60012 0 0
0 -0.00727003 0 -7.27007 7.27007 0.726994 0.726994 -7.27007 0 0
0 -0.00468002 0 -4.68001 4.68001 0.467998 0.467998 -4.68001 0 0
0 -0.00172 0 -1.72 1.72 0.172 0.172 -1.72 0 0
0 -0.00833999 0 -0.44 0.44 -4.636 -4.636 4.24 0 0
0 -0.03184 0 -0.44 0.44 -19.911 -19.911 19.515 0 0
0 -0.0568404 0 -0.44 0.44 -36.161 -36.161 35.765 0 0
0 -0.0817408 0 -0.44 0.44 -52.3457 -52.3457 51.9497 0 0
0 -0.108741 0 -0.44 0.44 -65.4755 -65.4755 65.0795 0 0
0 -0.130442 0 -0.44 0.44 -67.6855 -67.6855 67.2895 0 0
0 -0.130442 0 -0.44 0.44 -67.6855 -67.6855 67.2895 0 0
0 -0.130442 0 -0.44 0.44 -67.6855 -67.6855 67.2895 0 0
-0.034 -0.130442 0 -0.44 0.44 -67.6855 -67.6855 67.2895 0 8.5
-0.1076 -0.130442 0 -0.44 0.44 -67.6855 -67.6855 67.2895 0 26.9001
-0.178401 -0.130442 0 -0.44 0.44 -67.6855 -67.6855 67.2895 0 44.5999
-0.246802 -0.130442 0 -0.44 0.44 -67.6855 -67.6855 67.2895 0 61.6996
-0.319203 -0.130442 0 -0.44 0.44 -67.6855 -67.6855 67.2895 0 79.7994
-0.401605 -0.130442 0 -0.44 0.44 -67.6855 -67.6855 67.2895 0 100.399
-0.474406 -0.130442 0 -0.44 0.44 -67.6855 -67.6855 67.2895 0 118.599
-0.545607 -0.130442 0 -0.44 0.44 -67.6855 -67.6855 67.2895 0 136.399
-0.620808 -0.130442 0 -0.44 0.44 -67.6855 -67.6855 67.2895 0 155.2
-0.690409 -0.130442 0 -0.44 0.44 -67.6855 -67.6855 67.2895 0 172.601
-0.69921 -0.130442 0 -0.44 0.44 -67.6855 -67.6855 67.2895 0 174.801
-0.69921 -0.130442 0 -0.44 0.44 -67.6855 -67.6855 67.2895 0 174.801
-0.69921 -0.130442 0 -0.44 0.44 -67.6855 -67.6855 67.2895 0 174.801
-0.69921 -0.130442 0 -0.44 0.44 -67.6855 -67.6855 67.2895 0 174.801
-0.72761 -0.130442 0 -0.44 0.44 -67.6855 -67.6855 67.2895 0 181.902
-0.801611 -0.130442 0 -0.44 0.44 -67.6855 -67.6855 67.2895 0 200.403
-0.873612 -0.130442 0 -0.44 0.44 -67.6855 -67.6855 67.2895 0 218.404
-0.939614 -0.130442 0 -0.44 0.44 -67.6855 -67.6855 67.2895 0 234.905
-1.02321 -0.130442 0 -0.44 0.44 -67.6855 -67.6855 67.2895 0 255.806
-1.102 -0.130442 0 -0.44 0.44 -67.6855 -67.6855 67.2895 0 275.508
-1.17279 -0.130442 0 -0.44 0.44 -67.6855 -67.6855 67.2895 0 293.209
-1.24558 -0.130442 0 -0.44 0.44 -67.6855 -67.6855 67.2895 0 311.41
-1.31717 -0.130442 0 -0.44 0.44 -67.6855 -67.6855 67.2895 0 329.311
-1.37756 -0.130442 0 -0.44 0.44 -67.6855 -67.6855 67.2895 0 344.412
-1.43236 -0.130442 0 -0.44 0.44 -67.6855 -67.6855 67.2895 0 358.113
-1.44196 -0.130442 0 -0.44 0.44 -67.6855 -67.6855 67.2895 0 360.513
-1.44196 -0.120741 0 -0.44 0.44 -61.5105 -61.5105 61.1145 0 360.513
-1.44196 -0.103041 0 -0.44 0.44 -50.0057 -50.0057 49.6097 0 360.513
-1.44196 -0.0834408 0 -0.44 0.44 -37.266 -37.266 36.87 0 360.513
-1.44196 -0.0620405 0 -0.44 0.44 -23.356 -23.356 22.96 0 360.513
-1.44196 -0.0402401 0 -0.44 0.44 -9.186 -9.186 8.79 0 360.513
-1.44196 -0.02484 0 -0.44 0.44 0.498999 0.498999 -0.894997 0 360.513
-1.44196 -0.02484 0 -0.44 0.44 0.498999 0.498999 -0.894997 0 360.513
-1.44196 -0.02484 0 -0.44 0.44 0.498999 0.498999 -0.894997 0 360.513
-1.44196 -0.02484 0 -0.44 0.44 0.498999 -5.28601 -0.894997 0 360.513
-1.44196 -0.02484 0 -0.44 0.44 0.498999 -18.611 -0.894997 0 360.513
-1.44196 -0.02484 0 -0.44 0.44 0.498999 -29.7261 -0.894997 0 360.513
-1.44196 -0.02484 0 -0.44 0.44 0.498999 -42.7909 -0.894997 0 360.513
-1.44196 -0.02484 0 -0.44 0.44 0.498999 -56.5706 -0.894997 0 360.513
-1.44196 -0.02484 0 -0.44 0.44 0.498999 -68.6606 -0.894997 0 360.513
-1.44196 -0.02484 0 -0.44 0.44 0.498999 -84.6512 -0.894997 0 360.513
-1.44196 -0.02484 0 -0.44 0.44 0.498999 -91.5414 -0.894997 0 360.513
-1.44196 -0.02484 0 -0.44 0.44 0.498999 -88.8113 -0.894997 0 360.513
-1.44196 -0.02484 0 -0.44 0.44 0.498999 -80.751 -0.894997 0 360.513
-1.44196 -0.02484 0 -0.44 0.44 0.498999 -72.8207 -0.894997 0 360.513
-1.44196 -0.02484 0 -0.44 0.44 0.498999 -66.1905 -0.894997 0 360.513
-1.44196 -0.02484 0 -0.44 0.44 0.498999 -67.6205 -0.894997 0 360.513
-1.44196 -0.02484 0 -0.44 0.44 0.498999 -74.3808 -0.894997 0 360.513
-1.44196 -0.02484 0 -0.44 0.44 0.498999 -80.686 -0.894997 0 360.513
-1.44196 -0.02484 0 -0.44 0.44 0.498999 -88.8113 -0.894997 0 360.513
-1.44196 -0.02484 0 -0.44 0.44 0.498999 -96.5466 -0.894997 0 360.513
-1.44196 -0.02484 0 -0.44 0.44 0.498999 -93.6865 -0.894997 0 360.513
-1.44196 -0.02484 0 -0.44 0.44 0.498999 -86.6013 -0.894997 0 360.513
-1.44196 -0.02484 0 -0.44 0.44 0.498999 -79.451 -0.894997 0 360.513
-1.44196 -0.02484 0 -0.44 0.44 0.498999 -70.1556 -0.894997 0 360.513
-1.44196 -0.02484 0 -0.44 0.44 0.498999 -61.6405 -0.894997 0 360.513
-1.44196 -0.02484 0 -0.44 0.44 0.498999 -62.6804 -0.894997 0 360.513
-1.44196 -0.02484 0 -0.44 0.44 0.498999 -66.7755 -0.894997 0 360.513
-1.44196 -0.02484 0 -0.44 0.44 0.498999 -72.5607 -0.894997 0 360.513
-1.44196 -0.02484 0 -0.44 0.44 0.498999 -80.101 -0.894997 0 360.513
-1.44196 -0.02484 0 -0.44 0.44 0.498999 -86.9263 -0.894997 0 360.513
